{
 "cells": [
  {
   "cell_type": "code",
   "execution_count": 10,
   "metadata": {},
   "outputs": [],
   "source": [
    "import pandas as pd \n",
    "import numpy as np \n",
    "import matplotlib.pyplot as plt \n",
    "import seaborn as sns \n",
    "from sklearn.model_selection import train_test_split \n",
    "from sklearn.linear_model import LinearRegression \n",
    "from sklearn.metrics import mean_squared_error, mean_absolute_error \n",
    "from sklearn import preprocessing \n",
    "from collections import namedtuple"
   ]
  },
  {
   "cell_type": "code",
   "execution_count": 5,
   "metadata": {},
   "outputs": [],
   "source": [
    "#loading in the df\n",
    "df = pd.read_csv(\"data\\\\2011-2020.csv\")"
   ]
  },
  {
   "cell_type": "code",
   "execution_count": 6,
   "metadata": {},
   "outputs": [],
   "source": [
    "#filtering df\n",
    "df = df.dropna()"
   ]
  },
  {
   "cell_type": "code",
   "execution_count": 8,
   "metadata": {},
   "outputs": [
    {
     "data": {
      "text/html": [
       "<div>\n",
       "<style scoped>\n",
       "    .dataframe tbody tr th:only-of-type {\n",
       "        vertical-align: middle;\n",
       "    }\n",
       "\n",
       "    .dataframe tbody tr th {\n",
       "        vertical-align: top;\n",
       "    }\n",
       "\n",
       "    .dataframe thead th {\n",
       "        text-align: right;\n",
       "    }\n",
       "</style>\n",
       "<table border=\"1\" class=\"dataframe\">\n",
       "  <thead>\n",
       "    <tr style=\"text-align: right;\">\n",
       "      <th></th>\n",
       "      <th>LATITUDE</th>\n",
       "      <th>LONGITUDE</th>\n",
       "      <th>STNELEV</th>\n",
       "      <th>Year</th>\n",
       "      <th>January</th>\n",
       "      <th>February</th>\n",
       "      <th>March</th>\n",
       "      <th>April</th>\n",
       "      <th>May</th>\n",
       "      <th>June</th>\n",
       "      <th>July</th>\n",
       "      <th>August</th>\n",
       "      <th>September</th>\n",
       "      <th>October</th>\n",
       "      <th>November</th>\n",
       "      <th>December</th>\n",
       "    </tr>\n",
       "  </thead>\n",
       "  <tbody>\n",
       "    <tr>\n",
       "      <th>LATITUDE</th>\n",
       "      <td>1.000000</td>\n",
       "      <td>-0.320991</td>\n",
       "      <td>0.037920</td>\n",
       "      <td>-0.019059</td>\n",
       "      <td>-0.716844</td>\n",
       "      <td>-0.686624</td>\n",
       "      <td>-0.623176</td>\n",
       "      <td>-0.479858</td>\n",
       "      <td>-0.223185</td>\n",
       "      <td>0.051941</td>\n",
       "      <td>0.206645</td>\n",
       "      <td>0.126519</td>\n",
       "      <td>-0.144698</td>\n",
       "      <td>-0.451302</td>\n",
       "      <td>-0.622778</td>\n",
       "      <td>-0.686914</td>\n",
       "    </tr>\n",
       "    <tr>\n",
       "      <th>LONGITUDE</th>\n",
       "      <td>-0.320991</td>\n",
       "      <td>1.000000</td>\n",
       "      <td>-0.287447</td>\n",
       "      <td>-0.027336</td>\n",
       "      <td>0.165444</td>\n",
       "      <td>0.173891</td>\n",
       "      <td>0.164519</td>\n",
       "      <td>0.177534</td>\n",
       "      <td>0.086269</td>\n",
       "      <td>-0.055287</td>\n",
       "      <td>-0.145025</td>\n",
       "      <td>-0.125189</td>\n",
       "      <td>-0.044351</td>\n",
       "      <td>0.104209</td>\n",
       "      <td>0.172963</td>\n",
       "      <td>0.187423</td>\n",
       "    </tr>\n",
       "    <tr>\n",
       "      <th>STNELEV</th>\n",
       "      <td>0.037920</td>\n",
       "      <td>-0.287447</td>\n",
       "      <td>1.000000</td>\n",
       "      <td>0.022515</td>\n",
       "      <td>-0.167810</td>\n",
       "      <td>-0.187112</td>\n",
       "      <td>-0.200427</td>\n",
       "      <td>-0.285772</td>\n",
       "      <td>-0.342213</td>\n",
       "      <td>-0.268384</td>\n",
       "      <td>-0.216726</td>\n",
       "      <td>-0.223027</td>\n",
       "      <td>-0.266419</td>\n",
       "      <td>-0.289010</td>\n",
       "      <td>-0.245495</td>\n",
       "      <td>-0.246206</td>\n",
       "    </tr>\n",
       "    <tr>\n",
       "      <th>Year</th>\n",
       "      <td>-0.019059</td>\n",
       "      <td>-0.027336</td>\n",
       "      <td>0.022515</td>\n",
       "      <td>1.000000</td>\n",
       "      <td>0.043880</td>\n",
       "      <td>0.046035</td>\n",
       "      <td>0.022776</td>\n",
       "      <td>0.005468</td>\n",
       "      <td>0.015052</td>\n",
       "      <td>0.018183</td>\n",
       "      <td>0.011825</td>\n",
       "      <td>0.013516</td>\n",
       "      <td>0.023621</td>\n",
       "      <td>0.001448</td>\n",
       "      <td>0.020356</td>\n",
       "      <td>0.024809</td>\n",
       "    </tr>\n",
       "    <tr>\n",
       "      <th>January</th>\n",
       "      <td>-0.716844</td>\n",
       "      <td>0.165444</td>\n",
       "      <td>-0.167810</td>\n",
       "      <td>0.043880</td>\n",
       "      <td>1.000000</td>\n",
       "      <td>0.963475</td>\n",
       "      <td>0.929647</td>\n",
       "      <td>0.830398</td>\n",
       "      <td>0.625759</td>\n",
       "      <td>0.378778</td>\n",
       "      <td>0.250314</td>\n",
       "      <td>0.354972</td>\n",
       "      <td>0.608065</td>\n",
       "      <td>0.843287</td>\n",
       "      <td>0.942169</td>\n",
       "      <td>0.958706</td>\n",
       "    </tr>\n",
       "    <tr>\n",
       "      <th>February</th>\n",
       "      <td>-0.686624</td>\n",
       "      <td>0.173891</td>\n",
       "      <td>-0.187112</td>\n",
       "      <td>0.046035</td>\n",
       "      <td>0.963475</td>\n",
       "      <td>1.000000</td>\n",
       "      <td>0.950733</td>\n",
       "      <td>0.863532</td>\n",
       "      <td>0.679036</td>\n",
       "      <td>0.452504</td>\n",
       "      <td>0.318555</td>\n",
       "      <td>0.414540</td>\n",
       "      <td>0.654099</td>\n",
       "      <td>0.868245</td>\n",
       "      <td>0.937023</td>\n",
       "      <td>0.936606</td>\n",
       "    </tr>\n",
       "    <tr>\n",
       "      <th>March</th>\n",
       "      <td>-0.623176</td>\n",
       "      <td>0.164519</td>\n",
       "      <td>-0.200427</td>\n",
       "      <td>0.022776</td>\n",
       "      <td>0.929647</td>\n",
       "      <td>0.950733</td>\n",
       "      <td>1.000000</td>\n",
       "      <td>0.932281</td>\n",
       "      <td>0.787119</td>\n",
       "      <td>0.593486</td>\n",
       "      <td>0.470254</td>\n",
       "      <td>0.550610</td>\n",
       "      <td>0.749362</td>\n",
       "      <td>0.907586</td>\n",
       "      <td>0.942281</td>\n",
       "      <td>0.915909</td>\n",
       "    </tr>\n",
       "    <tr>\n",
       "      <th>April</th>\n",
       "      <td>-0.479858</td>\n",
       "      <td>0.177534</td>\n",
       "      <td>-0.285772</td>\n",
       "      <td>0.005468</td>\n",
       "      <td>0.830398</td>\n",
       "      <td>0.863532</td>\n",
       "      <td>0.932281</td>\n",
       "      <td>1.000000</td>\n",
       "      <td>0.909855</td>\n",
       "      <td>0.762474</td>\n",
       "      <td>0.645423</td>\n",
       "      <td>0.708354</td>\n",
       "      <td>0.859967</td>\n",
       "      <td>0.940244</td>\n",
       "      <td>0.898842</td>\n",
       "      <td>0.845635</td>\n",
       "    </tr>\n",
       "    <tr>\n",
       "      <th>May</th>\n",
       "      <td>-0.223185</td>\n",
       "      <td>0.086269</td>\n",
       "      <td>-0.342213</td>\n",
       "      <td>0.015052</td>\n",
       "      <td>0.625759</td>\n",
       "      <td>0.679036</td>\n",
       "      <td>0.787119</td>\n",
       "      <td>0.909855</td>\n",
       "      <td>1.000000</td>\n",
       "      <td>0.911600</td>\n",
       "      <td>0.829033</td>\n",
       "      <td>0.862214</td>\n",
       "      <td>0.923454</td>\n",
       "      <td>0.879310</td>\n",
       "      <td>0.747293</td>\n",
       "      <td>0.670073</td>\n",
       "    </tr>\n",
       "    <tr>\n",
       "      <th>June</th>\n",
       "      <td>0.051941</td>\n",
       "      <td>-0.055287</td>\n",
       "      <td>-0.268384</td>\n",
       "      <td>0.018183</td>\n",
       "      <td>0.378778</td>\n",
       "      <td>0.452504</td>\n",
       "      <td>0.593486</td>\n",
       "      <td>0.762474</td>\n",
       "      <td>0.911600</td>\n",
       "      <td>1.000000</td>\n",
       "      <td>0.947964</td>\n",
       "      <td>0.946915</td>\n",
       "      <td>0.908608</td>\n",
       "      <td>0.748052</td>\n",
       "      <td>0.542973</td>\n",
       "      <td>0.424373</td>\n",
       "    </tr>\n",
       "    <tr>\n",
       "      <th>July</th>\n",
       "      <td>0.206645</td>\n",
       "      <td>-0.145025</td>\n",
       "      <td>-0.216726</td>\n",
       "      <td>0.011825</td>\n",
       "      <td>0.250314</td>\n",
       "      <td>0.318555</td>\n",
       "      <td>0.470254</td>\n",
       "      <td>0.645423</td>\n",
       "      <td>0.829033</td>\n",
       "      <td>0.947964</td>\n",
       "      <td>1.000000</td>\n",
       "      <td>0.966979</td>\n",
       "      <td>0.871337</td>\n",
       "      <td>0.648831</td>\n",
       "      <td>0.423595</td>\n",
       "      <td>0.292983</td>\n",
       "    </tr>\n",
       "    <tr>\n",
       "      <th>August</th>\n",
       "      <td>0.126519</td>\n",
       "      <td>-0.125189</td>\n",
       "      <td>-0.223027</td>\n",
       "      <td>0.013516</td>\n",
       "      <td>0.354972</td>\n",
       "      <td>0.414540</td>\n",
       "      <td>0.550610</td>\n",
       "      <td>0.708354</td>\n",
       "      <td>0.862214</td>\n",
       "      <td>0.946915</td>\n",
       "      <td>0.966979</td>\n",
       "      <td>1.000000</td>\n",
       "      <td>0.924149</td>\n",
       "      <td>0.727997</td>\n",
       "      <td>0.518700</td>\n",
       "      <td>0.394899</td>\n",
       "    </tr>\n",
       "    <tr>\n",
       "      <th>September</th>\n",
       "      <td>-0.144698</td>\n",
       "      <td>-0.044351</td>\n",
       "      <td>-0.266419</td>\n",
       "      <td>0.023621</td>\n",
       "      <td>0.608065</td>\n",
       "      <td>0.654099</td>\n",
       "      <td>0.749362</td>\n",
       "      <td>0.859967</td>\n",
       "      <td>0.923454</td>\n",
       "      <td>0.908608</td>\n",
       "      <td>0.871337</td>\n",
       "      <td>0.924149</td>\n",
       "      <td>1.000000</td>\n",
       "      <td>0.895373</td>\n",
       "      <td>0.737230</td>\n",
       "      <td>0.643842</td>\n",
       "    </tr>\n",
       "    <tr>\n",
       "      <th>October</th>\n",
       "      <td>-0.451302</td>\n",
       "      <td>0.104209</td>\n",
       "      <td>-0.289010</td>\n",
       "      <td>0.001448</td>\n",
       "      <td>0.843287</td>\n",
       "      <td>0.868245</td>\n",
       "      <td>0.907586</td>\n",
       "      <td>0.940244</td>\n",
       "      <td>0.879310</td>\n",
       "      <td>0.748052</td>\n",
       "      <td>0.648831</td>\n",
       "      <td>0.727997</td>\n",
       "      <td>0.895373</td>\n",
       "      <td>1.000000</td>\n",
       "      <td>0.921458</td>\n",
       "      <td>0.864943</td>\n",
       "    </tr>\n",
       "    <tr>\n",
       "      <th>November</th>\n",
       "      <td>-0.622778</td>\n",
       "      <td>0.172963</td>\n",
       "      <td>-0.245495</td>\n",
       "      <td>0.020356</td>\n",
       "      <td>0.942169</td>\n",
       "      <td>0.937023</td>\n",
       "      <td>0.942281</td>\n",
       "      <td>0.898842</td>\n",
       "      <td>0.747293</td>\n",
       "      <td>0.542973</td>\n",
       "      <td>0.423595</td>\n",
       "      <td>0.518700</td>\n",
       "      <td>0.737230</td>\n",
       "      <td>0.921458</td>\n",
       "      <td>1.000000</td>\n",
       "      <td>0.955789</td>\n",
       "    </tr>\n",
       "    <tr>\n",
       "      <th>December</th>\n",
       "      <td>-0.686914</td>\n",
       "      <td>0.187423</td>\n",
       "      <td>-0.246206</td>\n",
       "      <td>0.024809</td>\n",
       "      <td>0.958706</td>\n",
       "      <td>0.936606</td>\n",
       "      <td>0.915909</td>\n",
       "      <td>0.845635</td>\n",
       "      <td>0.670073</td>\n",
       "      <td>0.424373</td>\n",
       "      <td>0.292983</td>\n",
       "      <td>0.394899</td>\n",
       "      <td>0.643842</td>\n",
       "      <td>0.864943</td>\n",
       "      <td>0.955789</td>\n",
       "      <td>1.000000</td>\n",
       "    </tr>\n",
       "  </tbody>\n",
       "</table>\n",
       "</div>"
      ],
      "text/plain": [
       "           LATITUDE  LONGITUDE   STNELEV      Year   January  February  \\\n",
       "LATITUDE   1.000000  -0.320991  0.037920 -0.019059 -0.716844 -0.686624   \n",
       "LONGITUDE -0.320991   1.000000 -0.287447 -0.027336  0.165444  0.173891   \n",
       "STNELEV    0.037920  -0.287447  1.000000  0.022515 -0.167810 -0.187112   \n",
       "Year      -0.019059  -0.027336  0.022515  1.000000  0.043880  0.046035   \n",
       "January   -0.716844   0.165444 -0.167810  0.043880  1.000000  0.963475   \n",
       "February  -0.686624   0.173891 -0.187112  0.046035  0.963475  1.000000   \n",
       "March     -0.623176   0.164519 -0.200427  0.022776  0.929647  0.950733   \n",
       "April     -0.479858   0.177534 -0.285772  0.005468  0.830398  0.863532   \n",
       "May       -0.223185   0.086269 -0.342213  0.015052  0.625759  0.679036   \n",
       "June       0.051941  -0.055287 -0.268384  0.018183  0.378778  0.452504   \n",
       "July       0.206645  -0.145025 -0.216726  0.011825  0.250314  0.318555   \n",
       "August     0.126519  -0.125189 -0.223027  0.013516  0.354972  0.414540   \n",
       "September -0.144698  -0.044351 -0.266419  0.023621  0.608065  0.654099   \n",
       "October   -0.451302   0.104209 -0.289010  0.001448  0.843287  0.868245   \n",
       "November  -0.622778   0.172963 -0.245495  0.020356  0.942169  0.937023   \n",
       "December  -0.686914   0.187423 -0.246206  0.024809  0.958706  0.936606   \n",
       "\n",
       "              March     April       May      June      July    August  \\\n",
       "LATITUDE  -0.623176 -0.479858 -0.223185  0.051941  0.206645  0.126519   \n",
       "LONGITUDE  0.164519  0.177534  0.086269 -0.055287 -0.145025 -0.125189   \n",
       "STNELEV   -0.200427 -0.285772 -0.342213 -0.268384 -0.216726 -0.223027   \n",
       "Year       0.022776  0.005468  0.015052  0.018183  0.011825  0.013516   \n",
       "January    0.929647  0.830398  0.625759  0.378778  0.250314  0.354972   \n",
       "February   0.950733  0.863532  0.679036  0.452504  0.318555  0.414540   \n",
       "March      1.000000  0.932281  0.787119  0.593486  0.470254  0.550610   \n",
       "April      0.932281  1.000000  0.909855  0.762474  0.645423  0.708354   \n",
       "May        0.787119  0.909855  1.000000  0.911600  0.829033  0.862214   \n",
       "June       0.593486  0.762474  0.911600  1.000000  0.947964  0.946915   \n",
       "July       0.470254  0.645423  0.829033  0.947964  1.000000  0.966979   \n",
       "August     0.550610  0.708354  0.862214  0.946915  0.966979  1.000000   \n",
       "September  0.749362  0.859967  0.923454  0.908608  0.871337  0.924149   \n",
       "October    0.907586  0.940244  0.879310  0.748052  0.648831  0.727997   \n",
       "November   0.942281  0.898842  0.747293  0.542973  0.423595  0.518700   \n",
       "December   0.915909  0.845635  0.670073  0.424373  0.292983  0.394899   \n",
       "\n",
       "           September   October  November  December  \n",
       "LATITUDE   -0.144698 -0.451302 -0.622778 -0.686914  \n",
       "LONGITUDE  -0.044351  0.104209  0.172963  0.187423  \n",
       "STNELEV    -0.266419 -0.289010 -0.245495 -0.246206  \n",
       "Year        0.023621  0.001448  0.020356  0.024809  \n",
       "January     0.608065  0.843287  0.942169  0.958706  \n",
       "February    0.654099  0.868245  0.937023  0.936606  \n",
       "March       0.749362  0.907586  0.942281  0.915909  \n",
       "April       0.859967  0.940244  0.898842  0.845635  \n",
       "May         0.923454  0.879310  0.747293  0.670073  \n",
       "June        0.908608  0.748052  0.542973  0.424373  \n",
       "July        0.871337  0.648831  0.423595  0.292983  \n",
       "August      0.924149  0.727997  0.518700  0.394899  \n",
       "September   1.000000  0.895373  0.737230  0.643842  \n",
       "October     0.895373  1.000000  0.921458  0.864943  \n",
       "November    0.737230  0.921458  1.000000  0.955789  \n",
       "December    0.643842  0.864943  0.955789  1.000000  "
      ]
     },
     "execution_count": 8,
     "metadata": {},
     "output_type": "execute_result"
    }
   ],
   "source": [
    "\n",
    "correlationdf = df[['LATITUDE', 'LONGITUDE', 'STNELEV', 'Year', 'January', 'February', 'March', 'April', 'May', 'June', 'July', 'August',\n",
    "'September', 'October', 'November', 'December']]\n",
    "correlationdf.corr(method=\"pearson\")\n"
   ]
  },
  {
   "cell_type": "code",
   "execution_count": null,
   "metadata": {},
   "outputs": [],
   "source": [
    "#we're going to have to create a model for each month due to the nature of the dataset\n",
    "\n",
    "#fancy tuple for output of create_train_test function\n",
    "ModelSets = namedtuple('testsets', [\"X_train\",\"y_train\",\"X_test\",\"y_test\"])\n",
    "\n",
    "#this function splits the train and test set depending on the month we're creating the model for\n",
    "def create_train_test(train: pd.DataFrame, test: pd.DataFrame, month: str) -> ModelSets: \n",
    "    months = ['January', 'February', 'March', 'April', 'May', 'June', 'July', 'August',\n",
    "    'September', 'October', 'November', 'December']\n",
    "    X_train = train.drop(columns=months)\n",
    "    y_train = train[month]\n",
    "\n",
    "    X_test = test.drop(columns=months)\n",
    "    y_test = test[month]\n",
    "\n",
    "\n",
    "    outset = ModelSets(X_train,y_train,X_test,y_test)\n",
    "\n",
    "    return outset\n",
    "\n",
    "\n",
    "#creates a model specfic to the month\n",
    "def create_model(df: pd.DataFrame, month: str):\n",
    "    percentfortrain = .9\n",
    "    train = df.sample(frac=percentfortrain)\n",
    "    test = df.drop(index=train.index)\n",
    "\n",
    "    modelsets = create_train_test(train,test,month)\n",
    "    \n",
    "    lr = LinearRegression(fit_intercept=False)\n",
    "\n",
    "    lr.fit(modelsets.X_train, modelsets.y_train)\n",
    "    print(\"LinearRegression model for \" + month)\n",
    "    print(\"Score for training\")\n",
    "    print(lr.score(modelsets.X_train, modelsets.y_train))\n",
    "    print(\"Score for testing\")\n",
    "    print(lr.score(modelsets.X_test, modelsets.y_test))\n",
    "\n",
    "    return lr\n"
   ]
  },
  {
   "cell_type": "code",
   "execution_count": 16,
   "metadata": {},
   "outputs": [
    {
     "name": "stdout",
     "output_type": "stream",
     "text": [
      "LinearRegression model for January\n",
      "Score for training\n",
      "0.5468548244507623\n",
      "Score for testing\n",
      "0.5461386981626009\n",
      "LinearRegression model for February\n",
      "Score for training\n",
      "0.5056608855296478\n",
      "Score for testing\n",
      "0.5251889836862599\n",
      "LinearRegression model for March\n",
      "Score for training\n",
      "0.42817825027006595\n",
      "Score for testing\n",
      "0.4299028119867013\n",
      "LinearRegression model for April\n",
      "Score for training\n",
      "0.3051591402343703\n",
      "Score for testing\n",
      "0.30380778624085725\n",
      "LinearRegression model for May\n",
      "Score for training\n",
      "0.17071554023489766\n",
      "Score for testing\n",
      "0.15162544168683467\n",
      "LinearRegression model for June\n",
      "Score for training\n",
      "0.09198741508566888\n",
      "Score for testing\n",
      "0.08846530417515674\n",
      "LinearRegression model for July\n",
      "Score for training\n",
      "0.1174944136795486\n",
      "Score for testing\n",
      "0.11647075456122391\n",
      "LinearRegression model for August\n",
      "Score for training\n",
      "0.0956481601266268\n",
      "Score for testing\n",
      "0.08409631817865171\n",
      "LinearRegression model for September\n",
      "Score for training\n",
      "0.12125791113806672\n",
      "Score for testing\n",
      "0.12399284685571554\n",
      "LinearRegression model for October\n",
      "Score for training\n",
      "0.29692343572238633\n",
      "Score for testing\n",
      "0.26846647809127233\n",
      "LinearRegression model for November\n",
      "Score for training\n",
      "0.44650196872278836\n",
      "Score for testing\n",
      "0.44798210029719954\n",
      "LinearRegression model for December\n",
      "Score for training\n",
      "0.5310829668968946\n",
      "Score for testing\n",
      "0.5315581576694016\n"
     ]
    }
   ],
   "source": [
    "months = ['January', 'February', 'March', 'April', 'May', 'June', 'July', 'August',\n",
    "    'September', 'October', 'November', 'December']\n",
    "\n",
    "lrmodels = {}\n",
    "\n",
    "for i in months:\n",
    "    lrmodels[i] = create_model(correlationdf, i)"
   ]
  },
  {
   "cell_type": "code",
   "execution_count": null,
   "metadata": {},
   "outputs": [],
   "source": []
  }
 ],
 "metadata": {
  "kernelspec": {
   "display_name": "datasci",
   "language": "python",
   "name": "python3"
  },
  "language_info": {
   "codemirror_mode": {
    "name": "ipython",
    "version": 3
   },
   "file_extension": ".py",
   "mimetype": "text/x-python",
   "name": "python",
   "nbconvert_exporter": "python",
   "pygments_lexer": "ipython3",
   "version": "3.12.4"
  }
 },
 "nbformat": 4,
 "nbformat_minor": 2
}
